13 3 2
13 4 2
13 5 2
13 6 2
13 7 2
13 8 2
13 9 2
13 10 2
13 11 2
13 12 2
13 13 2
13 1 3
13 2 3
13 3 3
13 4 3
13 5 3
13 6 3
13 7 3
13 8 3
13 9 3
13 10 3
13 11 3
13 12 3
13 13 3
13 1 4
13 2 4
13 3 4
13 4 4
13 5 4
13 6 4
13 7 4
13 8 4
13 9 4
13 10 4
13 11 4
13 12 4
13 13 4
13 1 5
13 2 5
13 3 5
13 4 5
13 5 5
13 6 5
13 7 5
13 8 5
13 9 5
13 10 5
13 11 5
13 12 5
13 13 5
13 1 6
13 2 6
13 3 6
13 4 6
13 5 6
13 6 6
13 7 6
13 8 6
13 9 6
13 10 6
13 11 6
13 12 6
13 13 6
13 1 7
13 2 7
13 3 7
13 4 7
13 5 8
13 6 8
13 7 8
13 8 8
13 9 9
13 10 9
13 11 9
13 12 9
13 13 10
13 1 10
13 2 10
13 3 10
13 4 11
13 5 11
13 6 11
13 7 11
13 8 12
13 9 12
13 10 12
13 11 12
13 12 13
13 13 13
13 1 13
13 2 13
