1 11 2 7 3 2 4 6 5 8 6 12 7 4 8 9 9 13 10 10 11 5 12 3 13 1 
1 9 2 11 3 8 4 2 5 4 6 6 7 13 8 10 9 12 10 7 11 5 12 3 13 1 
1 7 2 10 3 8 4 13 5 2 6 4 7 6 8 12 9 9 10 11 11 5 12 3 13 1 
1 12 2 10 3 8 4 6 5 4 6 2 7 13 8 11 9 9 10 7 11 5 12 3 13 1 
1 9 2 4 3 13 4 8 5 6 6 11 7 2 8 5 9 12 10 10 11 7 12 3 13 1 
1 10 2 7 3 13 4 4 5 8 6 12 7 5 8 2 9 11 10 9 11 6 12 3 13 1 
1 7 2 11 3 6 4 8 5 13 6 4 7 12 8 9 9 2 10 10 11 5 12 3 13 1 
1 7 2 11 3 8 4 6 5 4 6 13 7 10 8 12 9 9 10 2 11 5 12 3 13 1 
1 8 2 10 3 12 4 6 5 3 6 5 7 13 8 11 9 9 10 7 11 2 12 4 13 1 
1 7 2 10 3 12 4 9 5 6 6 13 7 3 8 1 9 11 10 8 11 5 12 2 13 4 
1 13 2 11 3 9 4 7 5 5 6 3 7 1 8 12 9 10 10 8 11 6 12 4 13 2 
1 3 2 8 3 2 4 7 5 10 6 13 7 5 8 12 9 9 10 11 11 6 12 4 13 1 
1 9 2 3 3 8 4 2 5 7 6 13 7 11 8 5 9 12 10 10 11 6 12 4 13 1 
1 10 2 7 3 3 4 11 5 8 6 12 7 5 8 2 9 13 10 9 11 6 12 4 13 1 
1 11 2 9 3 5 4 3 5 10 6 7 7 13 8 2 9 12 10 8 11 6 12 4 13 1 
1 5 2 2 3 10 4 7 5 3 6 12 7 8 8 13 9 11 10 9 11 6 12 4 13 1 
1 11 2 9 3 5 4 2 5 8 6 3 7 12 8 7 9 13 10 10 11 6 12 4 13 1 
1 7 2 10 3 12 4 9 5 2 6 5 7 3 8 11 9 13 10 8 11 6 12 4 13 1 
1 8 2 11 3 5 4 2 5 10 6 6 7 13 8 3 9 12 10 9 11 7 12 4 13 1 
1 12 2 9 3 7 4 5 5 10 6 2 7 13 8 11 9 3 10 8 11 6 12 4 13 1 
1 10 2 8 3 5 4 11 5 2 6 6 7 12 8 9 9 13 10 3 11 7 12 4 13 1 
1 8 2 11 3 9 4 7 5 13 6 4 7 1 8 12 9 10 10 6 11 3 12 5 13 2 
1 12 2 10 3 8 4 6 5 4 6 2 7 13 8 11 9 9 10 7 11 5 12 3 13 1 
1 6 2 9 3 11 4 8 5 5 6 2 7 13 8 10 9 12 10 7 11 4 12 1 13 3 
1 4 2 11 3 9 4 6 5 12 6 5 7 2 8 13 9 7 10 10 11 8 12 3 13 1 
1 9 2 4 3 10 4 7 5 2 6 12 7 5 8 8 9 13 10 11 11 6 12 3 13 1 
1 10 2 8 3 4 4 2 5 7 6 11 7 6 8 12 9 9 10 13 11 5 12 3 13 1 
1 8 2 10 3 7 4 4 5 2 6 12 7 6 8 9 9 11 10 13 11 5 12 3 13 1 
1 12 2 10 3 8 4 6 5 4 6 2 7 13 8 11 9 9 10 7 11 5 12 3 13 1 
1 7 2 11 3 6 4 8 5 13 6 4 7 12 8 9 9 2 10 10 11 5 12 3 13 1 
1 11 2 8 3 6 4 2 5 12 6 7 7 4 8 10 9 13 10 9 11 5 12 3 13 1 
1 7 2 11 3 8 4 5 5 2 6 13 7 9 8 4 9 12 10 10 11 6 12 3 13 1 
1 11 2 8 3 6 4 2 5 12 6 5 7 9 8 13 9 4 10 10 11 7 12 3 13 1 
1 11 2 9 3 6 4 12 5 3 6 7 7 13 8 10 9 1 10 4 11 8 12 5 13 2 
1 12 2 10 3 8 4 3 5 5 6 2 7 9 8 11 9 13 10 7 11 4 12 6 13 1 
1 8 2 10 3 12 4 6 5 3 6 5 7 13 8 11 9 9 10 7 11 2 12 4 13 1 
1 10 2 7 3 9 4 6 5 2 6 13 7 11 8 8 9 12 10 5 11 3 12 1 13 4 
1 5 2 11 3 9 4 12 5 6 6 4 7 2 8 13 9 8 10 10 11 7 12 3 13 1 
1 9 2 5 3 10 4 2 5 7 6 12 7 4 8 8 9 13 10 11 11 6 12 3 13 1 
1 8 2 10 3 5 4 2 5 11 6 7 7 4 8 12 9 9 10 13 11 6 12 3 13 1 
1 11 2 8 3 10 4 5 5 13 6 2 7 4 8 12 9 7 10 9 11 6 12 3 13 1 
1 8 2 10 3 4 4 9 5 5 6 2 7 13 8 11 9 7 10 12 11 6 12 3 13 1 
1 7 2 11 3 4 4 8 5 13 6 5 7 9 8 2 9 12 10 10 11 6 12 3 13 1 
1 10 2 7 3 13 4 4 5 8 6 12 7 5 8 2 9 11 10 9 11 6 12 3 13 1 
1 11 2 9 3 7 4 12 5 4 6 2 7 13 8 5 9 10 10 8 11 6 12 3 13 1 
1 11 2 8 3 10 4 7 5 13 6 3 7 1 8 12 9 5 10 9 11 6 12 4 13 2 
1 12 2 9 3 6 4 8 5 3 6 11 7 13 8 2 9 10 10 5 11 7 12 4 13 1 
1 12 2 10 3 8 4 6 5 4 6 2 7 13 8 11 9 9 10 7 11 5 12 3 13 1 
1 9 2 7 3 3 4 11 5 6 6 10 7 13 8 4 9 12 10 8 11 2 12 5 13 1 
1 10 2 8 3 11 4 3 5 7 6 13 7 2 8 9 9 12 10 6 11 4 12 1 13 5 
1 6 2 8 3 10 4 13 5 7 6 2 7 4 8 12 9 9 10 11 11 5 12 3 13 1 
1 11 2 6 3 10 4 5 5 2 6 4 7 13 8 8 9 12 10 9 11 7 12 3 13 1 
1 11 2 8 3 6 4 2 5 12 6 7 7 4 8 10 9 13 10 9 11 5 12 3 13 1 
1 12 2 10 3 8 4 6 5 4 6 2 7 13 8 11 9 9 10 7 11 5 12 3 13 1 
1 7 2 11 3 2 4 8 5 6 6 4 7 10 8 13 9 9 10 12 11 5 12 3 13 1 
1 9 2 11 3 8 4 2 5 4 6 6 7 13 8 10 9 12 10 7 11 5 12 3 13 1 
1 7 2 10 3 8 4 13 5 2 6 4 7 6 8 12 9 9 10 11 11 5 12 3 13 1 
1 12 2 10 3 8 4 13 5 5 6 3 7 1 8 6 9 11 10 9 11 7 12 4 13 2 
1 9 2 2 3 10 4 8 5 3 6 5 7 13 8 11 9 6 10 12 11 7 12 4 13 1 
1 12 2 10 3 5 4 7 5 4 6 11 7 13 8 2 9 9 10 6 11 8 12 3 13 1 
1 11 2 9 3 7 4 12 5 4 6 2 7 13 8 5 9 10 10 8 11 6 12 3 13 1 
1 8 2 10 3 3 4 7 5 11 6 4 7 12 8 9 9 13 10 5 11 2 12 6 13 1 
1 10 2 8 3 13 4 11 5 4 6 2 7 5 8 12 9 9 10 7 11 3 12 1 13 6 
1 7 2 11 3 6 4 8 5 13 6 4 7 12 8 9 9 2 10 10 11 5 12 3 13 1 
1 11 2 7 3 2 4 6 5 8 6 12 7 4 8 9 9 13 10 10 11 5 12 3 13 1 
1 8 2 10 3 7 4 4 5 2 6 12 7 6 8 9 9 11 10 13 11 5 12 3 13 1 
1 9 2 4 3 10 4 7 5 2 6 12 7 5 8 8 9 13 10 11 11 6 12 3 13 1 
1 11 2 7 3 2 4 6 5 8 6 12 7 4 8 9 9 13 10 10 11 5 12 3 13 1 
1 11 2 9 3 7 4 3 5 13 6 8 7 1 8 5 9 12 10 10 11 6 12 4 13 2 
1 5 2 2 3 10 4 7 5 3 6 12 7 8 8 13 9 11 10 9 11 6 12 4 13 1 
1 9 2 5 3 10 4 2 5 7 6 12 7 4 8 8 9 13 10 11 11 6 12 3 13 1 
1 12 2 10 3 8 4 6 5 4 6 2 7 13 8 11 9 9 10 7 11 5 12 3 13 1 
1 11 2 8 3 6 4 2 5 12 6 7 7 4 8 10 9 13 10 9 11 5 12 3 13 1 
1 11 2 4 3 10 4 7 5 5 6 12 7 2 8 13 9 8 10 6 11 9 12 3 13 1 
1 11 2 3 3 8 4 6 5 4 6 13 7 10 8 12 9 7 10 5 11 2 12 9 13 1 
1 2 2 9 3 6 4 12 5 7 6 4 7 11 8 13 9 8 10 5 11 3 12 1 13 10 
1 10 2 8 3 4 4 2 5 7 6 11 7 6 8 12 9 9 10 13 11 5 12 3 13 1 
1 12 2 10 3 8 4 6 5 4 6 2 7 13 8 11 9 9 10 7 11 5 12 3 13 1 
1 6 2 8 3 10 4 13 5 7 6 2 7 4 8 12 9 9 10 11 11 5 12 3 13 1 
1 5 2 10 3 8 4 11 5 3 6 7 7 13 8 2 9 12 10 9 11 6 12 4 13 1 
1 8 2 10 3 5 4 2 5 11 6 7 7 4 8 12 9 9 10 13 11 6 12 3 13 1 
1 10 2 8 3 4 4 2 5 7 6 11 7 6 8 12 9 9 10 13 11 5 12 3 13 1 
1 9 2 7 3 13 4 2 5 8 6 5 7 11 8 4 9 10 10 12 11 6 12 3 13 1 
1 7 2 10 3 2 4 6 5 8 6 13 7 4 8 12 9 9 10 11 11 5 12 3 13 1 
1 9 2 11 3 8 4 2 5 4 6 6 7 13 8 10 9 12 10 7 11 5 12 3 13 1 
1 7 2 10 3 8 4 13 5 2 6 4 7 6 8 11 9 9 10 12 11 5 12 3 13 1 
1 10 2 7 3 5 4 8 5 2 6 4 7 13 8 11 9 9 10 6 11 12 12 3 13 1 
1 3 2 9 3 7 4 4 5 10 6 12 7 5 8 11 9 8 10 6 11 2 12 13 13 1 
1 8 2 5 3 7 4 2 5 10 6 12 7 4 8 9 9 11 10 6 11 3 12 1 13 13 
1 13 2 11 3 9 4 7 5 5 6 3 7 1 8 12 9 10 10 8 11 6 12 4 13 2 
1 9 2 13 3 8 4 3 5 7 6 2 7 11 8 5 9 12 10 10 11 6 12 4 13 1 
